-2564815.774 5085860.737 -2861101.361
-2564828.625 5085793.492 -2861208.649
-2565167.118 5085577.845 -2861290.183
-2565355.176 5085629.273 -2861031.902
-2565269.815 5085771.735 -2860856.382
-2564919.965 5085620.717 -2861423.492
-2564856.902 5085864.796 -2861059.787
-2565471.168 5085559.018 -2861048.205
-2565128.512 5085556.272 -2861360.432
-2565138.118 5085769.577 -2860973.053
-2564775.151 5086016.423 -2860858.193
-2565362.483 5085806.887 -2860705.117
-2565061.782 5085984.032 -2860660.124
-2565286.332 5085608.900 -2861126.972
-2565209.337 5085658.016 -2861115.471
-2565101.911 5085675.496 -2861171.413
-2565142.696 5085791.236 -2860930.731
-2565128.425 5085680.380 -2861139.177
-2565153.003 5085826.022 -2860860.127
-2564950.691 5085726.675 -2861215.712
-2564892.724 5085781.728 -2861170.128
-2564914.080 5085802.216 -2861112.720
-2564992.691 5085711.933 -2861204.341
-2564874.620 5085806.100 -2861141.000
-2565058.785 5085692.862 -2861183.588
-2565016.954 5085764.454 -2861085.570
-2564908.221 5085737.173 -2861234.994
-2564992.757 5085682.039 -2861259.276
-2565182.896 5085755.263 -2860962.881
-2565052.947 5085832.949 -2860943.654
-2565242.211 5085724.514 -2860962.133
-2565039.163 5085655.282 -2861262.978
-2564908.218 5085970.085 -2860823.737
-2565042.467 5085739.761 -2861108.666
-2564780.884 5085952.502 -2860963.746
-2565045.301 5085626.612 -2861316.992
-2564944.523 5085937.423 -2860853.514
-2564761.572 5085938.273 -2861006.068
-2564822.890 5085742.162 -2861306.597
-2565327.102 5085653.524 -2861011.872
-2570449.106 5080970.280 -2864739.279
-2570414.340 5080999.528 -2864720.949
-2570513.195 5080952.323 -2864716.006
-2570466.083 5080997.234 -2864683.300
-2580818.555 5078511.539 -2859849.441
-2580735.820 5078554.151 -2859846.221
-2580782.939 5078536.262 -2859835.540
-2580746.874 5078571.296 -2859806.069
-2568979.544 5083139.355 -2862223.169
-2569037.602 5083121.783 -2862202.406
-2568940.904 5083173.970 -2862194.341
-2569034.414 5083146.327 -2862159.735
-2570847.947 5083662.985 -2859645.181
-2570892.023 5083656.505 -2859612.830
-2570855.850 5083686.103 -2859595.084
-2570933.547 5083655.995 -2859578.865
-2566566.361 5089112.439 -2853782.692
-2566529.803 5089134.060 -2853777.052
-2566499.180 5089158.832 -2853760.528
-2566581.813 5089128.498 -2853740.441
-2559870.898 5095728.597 -2848056.621
-2559914.467 5095712.670 -2848046.028
-2559855.946 5095754.264 -2848026.579
-2559903.019 5095743.095 -2848004.404
-2563454.043 5099907.660 -2837365.073
-2563510.923 5099888.171 -2837348.822
-2563429.437 5099941.227 -2837324.990
-2563473.031 5099923.699 -2837317.162
-2562946.219 5104967.912 -2828741.894
-2563020.258 5104943.624 -2828716.558
-2562967.984 5104981.933 -2828697.172
-2563019.956 5104967.241 -2828678.976
-2564832.703 5088200.535 -2856930.997
-2564915.316 5088179.056 -2856901.981
-2564821.773 5088228.564 -2856895.595
-2564869.819 5088214.292 -2856880.219
-2561941.355 5089564.855 -2857087.321
-2561974.203 5089562.428 -2857055.700
-2561896.520 5089608.939 -2857051.469
-2561941.162 5089591.897 -2857039.643
-2557865.099 5087134.610 -2864936.171
-2557891.569 5087142.212 -2864899.134
-2557932.358 5087123.714 -2864895.578
-2557862.943 5087168.108 -2864878.827
-2557908.763 5087162.508 -2864847.952
-2557860.504 5087190.857 -2864840.610
-2552467.966 5085035.195 -2873415.410
-2552432.344 5085057.338 -2873407.329
-2552476.918 5085053.962 -2873374.429
-2552422.776 5085089.150 -2873358.335
-2539448.815 5091870.288 -2872845.257
-2539393.990 5091884.082 -2872824.157
-2539444.802 5091863.870 -2872815.071
-2539503.821 5091875.552 -2872789.899
-2534438.404 5087834.145 -2884260.020
-2534392.564 5087865.436 -2884244.902
-2534484.058 5087825.787 -2884235.179
-2534447.436 5087859.061 -2884208.584
-2561233.118 5085888.895 -2864153.978
-2561272.626 5085870.421 -2864151.719
-2561317.976 5085866.679 -2864118.251
-2561288.601 5085893.153 -2864097.544
-2561252.563 5085918.328 -2864085.062
-2561290.835 5085918.515 -2864050.872
-2562337.810 5083947.474 -2866602.419
-2562250.143 5083999.560 -2866587.959
-2562304.114 5083987.668 -2866561.217
-2562250.240 5084022.431 -2866547.689
