-2565124.772 5085647.530 -2861207.079
-2564892.841 5085870.489 -2861013.299
-2565117.609 5085628.692 -2861244.500
-2565043.768 5085924.251 -2860779.523
-2564990.842 5085917.112 -2860841.481
-2565269.616 5085592.978 -2861167.755
-2565273.222 5085791.072 -2860819.201
-2565055.336 5085893.761 -2860827.495
-2564854.358 5085973.896 -2860864.972
-2565315.340 5085686.274 -2860966.737
-2564815.774 5085860.737 -2861101.361
-2565241.542 5085815.683 -2860801.742
-2564933.164 5085846.681 -2861019.430
-2565161.090 5085857.950 -2860796.544
-2564828.625 5085793.492 -2861208.649
-2564999.474 5085647.895 -2861315.793
-2564872.407 5085695.523 -2861342.633
-2564855.927 5085945.657 -2860915.657
-2564736.125 5085853.589 -2861182.686
-2564910.766 5085910.889 -2860928.216
-2565167.336 5085610.947 -2861231.546
-2565094.046 5085913.996 -2860757.286
-2565308.162 5085717.960 -2860914.965
-2565218.749 5085751.067 -2860938.357
-2565246.652 5085624.491 -2861134.783
-2564833.630 5085933.015 -2860951.187
-2565119.867 5085880.637 -2860795.413
-2565260.158 5085741.773 -2860917.888
-2565329.910 5085616.489 -2861074.761
-2564793.624 5085775.308 -2861269.702
-2565259.321 5085564.623 -2861226.985
-2564751.803 5085796.808 -2861264.547
-2564787.236 5085797.524 -2861233.950
-2564750.461 5085868.770 -2861140.902
-2565022.985 5085724.312 -2861157.724
-2564941.198 5085660.829 -2861342.633
-2565287.547 5085679.077 -2861001.983
-2565167.118 5085577.845 -2861290.183
-2565330.780 5085732.337 -2860862.784
-2565202.673 5085843.481 -2860782.842
-2564750.827 5085889.147 -2861102.380
-2565341.766 5085578.408 -2861133.653
-2564905.964 5085947.069 -2860870.819
-2565144.662 5085896.242 -2860745.772
-2564965.775 5085942.251 -2860817.198
-2565068.985 5085711.761 -2861136.705
-2564795.267 5085817.203 -2861196.486
-2565239.569 5085552.174 -2861268.769
-2564968.814 5085670.330 -2861296.838
-2565164.548 5085557.961 -2861329.791
-2565355.176 5085629.273 -2861031.902
-2565239.008 5085592.782 -2861197.574
-2565269.815 5085771.735 -2860856.382
-2565303.085 5085641.893 -2861053.798
-2565094.139 5085872.455 -2860830.560
-2565305.966 5085764.157 -2860833.131
-2564997.727 5085792.120 -2861056.060
-2565281.166 5085711.016 -2860953.487
-2564733.949 5085933.835 -2861038.502
-2564697.250 5085886.893 -2861149.634
-2565456.395 5085523.553 -2861128.412
-2564625.645 5085906.071 -2861183.959
-2565199.242 5085916.151 -2860659.784
-2565049.792 5085553.840 -2861439.252
-2564792.044 5085690.048 -2861414.988
-2564919.965 5085620.717 -2861423.492
-2565409.231 5085500.028 -2861209.736
-2564856.902 5085864.796 -2861059.787
-2564651.182 5085854.046 -2861253.077
-2565098.267 5085976.895 -2860638.017
-2564834.116 5085997.344 -2860834.942
-2565319.996 5085499.713 -2861294.194
-2565181.963 5085506.178 -2861401.269
-2565471.168 5085559.018 -2861048.205
-2565221.049 5085888.522 -2860689.153
-2565128.512 5085556.272 -2861360.432
-2564727.819 5085985.047 -2860949.098
-2565352.103 5085533.783 -2861198.804
-2565138.118 5085769.577 -2860973.053
-2564724.820 5086009.790 -2860910.292
-2565149.838 5085531.447 -2861387.482
-2565107.032 5085541.500 -2861407.851
-2564959.161 5085567.082 -2861492.140
-2565264.019 5085518.532 -2861313.037
-2564951.455 5086018.507 -2860697.503
-2564775.151 5086016.423 -2860858.193
-2564857.164 5085648.740 -2861432.150
-2564710.845 5085922.021 -2861079.934
-2565134.411 5085935.746 -2860682.924
-2565201.171 5085724.605 -2860998.522
-2565406.372 5085659.908 -2860929.995
-2565396.650 5085627.170 -2860998.677
-2564766.143 5085985.976 -2860917.764
-2565362.483 5085806.887 -2860705.117
-2564746.885 5085710.667 -2861425.439
-2564729.824 5085787.665 -2861302.475
-2564723.688 5085960.074 -2860999.090
-2565375.048 5085549.251 -2861153.275
-2565430.453 5085573.220 -2861061.610
-2565444.437 5085649.723 -2860914.075
-2564993.510 5085757.267 -2861125.785
-2565470.913 5085586.765 -2860997.224
-2565012.139 5085592.210 -2861405.040
-2564680.056 5085790.976 -2861340.939
-2565061.782 5085984.032 -2860660.124
-2564757.767 5085740.193 -2861361.408
-2565331.917 5085805.450 -2860734.882
-2565371.468 5085752.516 -2860793.126
-2564982.688 5085618.146 -2861387.692
-2565419.115 5085546.551 -2861123.227
-2564755.986 5086046.423 -2860820.066
-2564996.842 5085851.958 -2860957.838
-2565072.521 5085740.405 -2861078.550
-2565286.332 5085608.900 -2861126.972
-2564843.979 5085629.000 -2861480.954
-2564895.499 5085654.770 -2861389.589
-2564627.357 5085973.939 -2861058.167
-2565037.386 5085536.749 -2861478.254
-2564686.256 5085954.069 -2861047.457
-2565063.746 5085568.039 -2861399.545
-2565294.826 5085878.716 -2860634.104
-2565255.659 5085905.704 -2860619.117
-2565288.349 5085852.409 -2860688.548
-2565199.167 5085699.221 -2861049.559
-2565248.071 5085861.078 -2860709.116
-2565259.410 5085881.573 -2860660.606
-2565368.134 5085824.932 -2860666.002
-2564583.640 5085950.390 -2861140.889
-2564655.492 5085914.037 -2861143.318
-2564606.271 5085965.243 -2861094.513
-2564567.393 5085931.860 -2861190.287
-2564545.760 5085958.729 -2861162.106
-2564632.160 5085939.084 -2861117.652
-2565291.297 5085445.026 -2861414.081
-2565209.337 5085658.016 -2861115.471
-2565258.372 5085473.565 -2861393.019
-2565273.771 5085491.291 -2861345.797
-2565221.328 5085478.929 -2861414.322
-2565296.211 5085466.688 -2861371.463
-2565220.835 5085500.686 -2861376.351
-2565101.911 5085675.496 -2861171.413
-2565025.362 5085858.173 -2860923.679
-2565190.249 5085774.476 -2860917.975
-2564999.184 5085883.537 -2860899.990
-2565083.721 5085834.581 -2860908.933
-2565034.424 5085678.778 -2861227.931
-2564973.984 5085740.849 -2861172.161
-2565098.781 5085715.205 -2861106.305
-2565142.696 5085791.236 -2860930.731
-2565128.425 5085680.380 -2861139.177
-2565153.003 5085826.022 -2860860.127
-2564950.691 5085726.675 -2861215.712
-2565240.995 5085703.118 -2861000.994
-2564952.350 5085774.338 -2861130.080
-2564892.724 5085781.728 -2861170.128
-2565113.466 5085737.257 -2861054.293
-2564921.047 5085821.991 -2861073.816
-2565073.732 5085656.049 -2861230.841
-2564914.080 5085802.216 -2861112.720
-2564863.003 5085893.011 -2860993.454
-2564957.233 5085818.238 -2861050.436
-2565243.030 5085683.313 -2861038.583
-2564844.377 5085835.103 -2861123.369
-2565116.430 5085756.379 -2861015.672
-2564939.915 5085710.827 -2861253.287
-2564906.753 5085889.906 -2860966.626
-2565167.576 5085641.445 -2861181.920
-2564876.641 5085837.041 -2861089.001
-2565101.964 5085848.012 -2860866.752
-2565046.871 5085765.270 -2861057.487
-2565204.369 5085634.480 -2861161.451
-2565129.834 5085818.939 -2860895.485
-2564992.691 5085711.933 -2861204.341
-2564958.311 5085859.453 -2860981.131
-2565164.356 5085720.933 -2861040.010
-2565245.153 5085657.721 -2861079.662
-2564874.620 5085806.100 -2861141.000
-2565058.785 5085692.862 -2861183.588
-2564924.664 5085755.427 -2861188.124
-2565016.954 5085764.454 -2861085.570
-2565058.302 5085861.449 -2860886.344
-2565172.585 5085682.723 -2861102.362
-2564880.459 5085761.824 -2861213.976
-2564908.221 5085737.173 -2861234.994
-2564961.200 5085791.444 -2861089.779
-2564958.438 5085896.574 -2860915.472
-2565028.655 5085886.778 -2860863.588
-2564992.757 5085682.039 -2861259.276
-2564896.762 5085848.239 -2861049.095
-2565193.134 5085795.869 -2860877.630
-2565182.896 5085755.263 -2860962.881
-2565101.840 5085803.835 -2860944.871
-2565052.947 5085832.949 -2860943.654
-2565173.141 5085660.424 -2861143.455
-2565242.211 5085724.514 -2860962.133
-2565039.163 5085655.282 -2861262.978
-2564844.199 5085808.479 -2861170.536
-2565141.993 5085706.618 -2861085.200
-2565205.622 5085592.373 -2861228.030
-2565201.965 5085571.879 -2861265.252
-2564908.218 5085970.085 -2860823.737
-2565128.653 5085602.688 -2861278.360
-2565042.467 5085739.761 -2861108.666
-2564780.884 5085952.502 -2860963.746
-2565059.103 5085591.505 -2861360.036
-2564861.042 5085734.803 -2861283.403
-2565365.413 5085685.105 -2860921.986
-2564834.007 5085762.439 -2861258.683
-2565290.174 5085743.666 -2860885.596
-2564903.588 5085699.288 -2861308.222
-2564792.498 5085846.153 -2861147.836
-2565045.301 5085626.612 -2861316.992
-2564944.523 5085937.423 -2860853.514
-2565159.524 5085743.362 -2861004.709
-2564761.572 5085938.273 -2861006.068
-2564822.890 5085742.162 -2861306.597
-2564775.720 5085910.690 -2861044.392
-2564987.993 5085954.293 -2860773.930
-2565301.249 5085564.747 -2861191.641
-2564819.180 5085908.998 -2861006.464
-2564820.039 5085968.325 -2860898.723
-2565192.063 5085817.146 -2860836.580
-2565327.102 5085653.524 -2861011.872
-2565107.018 5085587.828 -2861326.077
-2564991.149 5086082.423 -2860549.271
-2564957.808 5086115.002 -2860528.078
-2564999.849 5086106.518 -2860503.400
-2564938.585 5086137.823 -2860498.245
-2565031.786 5086105.154 -2860472.930
-2564979.353 5086148.010 -2860441.724
-2570449.106 5080970.280 -2864739.279
-2570414.340 5080999.528 -2864720.949
-2570513.195 5080952.323 -2864716.006
-2570466.083 5080997.234 -2864683.300
-2570443.617 5081027.238 -2864648.250
-2570517.789 5080990.464 -2864642.503
-2573132.639 5079791.266 -2864449.723
-2573079.800 5079824.194 -2864441.080
-2573112.997 5079831.667 -2864400.507
-2573194.616 5079799.691 -2864397.287
-2573100.167 5079858.685 -2864368.789
-2573170.902 5079830.074 -2864360.499
-2571528.104 5077583.440 -2869720.149
-2571492.584 5077621.700 -2869688.941
-2571436.874 5077653.511 -2869682.617
-2571533.833 5077614.540 -2869662.601
-2571499.078 5077643.316 -2869645.169
-2571458.250 5077664.499 -2869644.280
-2580818.555 5078511.539 -2859849.441
-2580735.820 5078554.151 -2859846.221
-2580782.939 5078536.262 -2859835.540
-2580746.874 5078571.296 -2859806.069
-2580814.726 5078539.339 -2859801.619
-2580789.529 5078564.814 -2859779.269
-2586226.911 5077236.910 -2857252.097
-2586182.056 5077285.572 -2857213.189
-2586218.571 5077266.986 -2857208.727
-2586281.360 5077242.575 -2857193.142
-2586217.613 5077295.781 -2857156.542
-2586277.614 5077263.705 -2857159.213
-2588660.927 5070027.042 -2867822.144
-2588595.513 5070075.467 -2867795.757
-2588711.185 5070026.717 -2867775.441
-2588650.421 5070069.391 -2867754.984
-2588690.518 5070051.350 -2867748.503
-2588609.074 5070097.220 -2867749.818
-2600323.872 5060717.791 -2873725.482
-2600283.191 5060747.912 -2873707.151
-2600391.295 5060697.561 -2873698.064
-2600311.847 5060752.402 -2873671.336
-2600353.996 5060737.958 -2873660.924
-2600321.925 5060769.626 -2873634.353
-2564440.372 5086298.660 -2860646.793
-2564404.378 5086338.347 -2860613.183
-2564522.512 5086286.680 -2860599.240
-2564462.637 5086316.541 -2860597.603
-2564426.479 5086355.462 -2860567.708
-2564498.746 5086317.716 -2860561.156
-2563856.930 5086292.593 -2861179.144
-2563897.559 5086274.249 -2861173.155
-2563820.775 5086329.530 -2861143.886
-2563899.493 5086297.522 -2861130.339
-2563862.470 5086319.927 -2861125.945
-2563881.493 5086330.721 -2861089.952
-2563537.476 5085904.420 -2862144.280
-2563580.402 5085887.992 -2862135.084
-2563594.834 5085905.580 -2862093.415
-2563636.888 5085887.865 -2862085.054
-2563539.878 5085942.533 -2862074.870
-2563582.379 5085945.580 -2862033.893
-2564102.136 5085156.873 -2862969.971
-2564164.896 5085139.386 -2862936.132
-2564107.236 5085175.156 -2862930.962
-2564066.296 5085201.478 -2862916.514
-2564150.693 5085172.371 -2862892.786
-2564129.270 5085203.841 -2862858.535
-2565128.891 5084313.821 -2863543.582
-2565173.023 5084299.132 -2863528.004
-2565134.775 5084342.916 -2863487.033
-2565198.574 5084317.118 -2863475.762
-2565098.975 5084373.019 -2863468.008
-2565182.859 5084345.767 -2863443.646
-2566834.524 5083528.714 -2863440.959
-2566867.881 5083521.786 -2863412.403
-2566803.903 5083555.173 -2863419.350
-2566908.669 5083503.994 -2863407.460
-2566846.950 5083557.293 -2863370.640
-2566886.881 5083548.389 -2863352.999
-2568979.544 5083139.355 -2862223.169
-2569037.602 5083121.783 -2862202.406
-2568940.904 5083173.970 -2862194.341
-2569034.414 5083146.327 -2862159.735
-2568994.885 5083168.827 -2862155.286
-2568946.602 5083196.264 -2862147.715
-2570847.947 5083662.985 -2859645.181
-2570892.023 5083656.505 -2859612.830
-2570855.850 5083686.103 -2859595.084
-2570933.547 5083655.995 -2859578.865
-2570904.749 5083682.992 -2859556.910
-2570857.569 5083706.907 -2859556.811
-2564497.670 5085764.003 -2861546.498
-2564552.013 5085736.208 -2861547.190
-2564592.106 5085722.544 -2861535.622
-2564539.342 5085762.080 -2861515.012
-2564578.122 5085748.462 -2861504.530
-2564525.804 5085795.950 -2861469.484
-2566566.361 5089112.439 -2853782.692
-2566529.803 5089134.060 -2853777.052
-2566499.180 5089158.832 -2853760.528
-2566581.813 5089128.498 -2853740.441
-2566548.049 5089152.123 -2853726.534
-2566525.916 5089179.372 -2853698.038
-2570974.960 5088518.415 -2850904.993
-2570939.538 5088543.628 -2850889.797
-2570989.161 5088531.958 -2850863.812
-2570957.029 5088557.507 -2850851.746
-2571030.955 5088522.225 -2850845.853
-2570993.705 5088566.549 -2850805.085
-2564014.054 5092524.750 -2850014.937
-2564096.995 5092488.117 -2850008.062
-2564054.878 5092519.532 -2849987.718
-2564103.940 5092516.734 -2849955.512
-2564013.046 5092566.562 -2849952.749
-2564067.198 5092537.806 -2849946.497
-2559870.898 5095728.597 -2848056.621
-2559914.467 5095712.670 -2848046.028
-2559855.946 5095754.264 -2848026.579
-2559903.019 5095743.095 -2848004.404
-2559870.185 5095775.734 -2847982.388
-2559914.199 5095758.477 -2847967.082
-2556369.657 5099216.036 -2844929.627
-2556408.622 5099206.458 -2844911.902
-2556386.428 5099235.716 -2844879.620
-2556347.314 5099255.882 -2844876.399
-2556419.169 5099240.379 -2844844.322
-2556363.592 5099272.360 -2844832.532
-2563454.043 5099907.660 -2837365.073
-2563510.923 5099888.171 -2837348.822
-2563429.437 5099941.227 -2837324.990
-2563473.031 5099923.699 -2837317.162
-2563509.552 5099915.611 -2837301.062
-2563442.953 5099961.462 -2837278.965
-2562946.219 5104967.912 -2828741.894
-2563020.258 5104943.624 -2828716.558
-2562967.984 5104981.933 -2828697.172
-2563019.956 5104967.241 -2828678.976
-2562936.799 5105011.142 -2828672.877
-2562980.353 5104999.681 -2828656.466
-2564823.244 5085386.558 -2861925.156
-2564742.375 5085424.888 -2861927.275
-2564782.890 5085415.154 -2861908.390
-2564752.229 5085443.101 -2861888.572
-2564833.978 5085409.387 -2861873.091
-2564791.045 5085440.153 -2861861.437
-2565494.958 5084973.415 -2862060.727
-2565451.081 5084992.816 -2862063.340
-2565414.550 5085023.469 -2862039.555
-2565477.629 5084998.872 -2862026.800
-2565434.074 5085039.437 -2861996.204
-2565493.766 5085022.030 -2861975.991
-2566417.091 5084733.042 -2861672.564
-2566394.749 5084761.582 -2861639.878
-2566448.372 5084742.511 -2861630.201
-2566385.214 5084788.580 -2861600.722
-2566455.813 5084761.444 -2861590.155
-2566423.109 5084795.709 -2861558.810
-2566979.561 5085047.839 -2860620.069
-2567025.525 5085031.012 -2860611.027
-2566964.928 5085075.108 -2860584.964
-2567009.913 5085062.519 -2860571.527
-2567067.259 5085047.058 -2860549.926
-2567012.481 5085081.504 -2860533.499
-2567203.393 5085665.763 -2859329.121
-2567263.245 5085635.837 -2859326.395
-2567233.316 5085670.762 -2859291.385
-2567195.050 5085692.702 -2859288.968
-2567276.015 5085654.294 -2859284.616
-2567251.155 5085687.347 -2859243.957
-2566603.023 5086758.165 -2857916.222
-2566568.631 5086785.588 -2857898.418
-2566649.409 5086744.578 -2857907.739
-2566677.627 5086747.082 -2857873.702
-2566642.401 5086771.969 -2857858.909
-2566609.416 5086796.884 -2857846.501
-2564832.703 5088200.535 -2856930.997
-2564915.316 5088179.056 -2856901.981
-2564821.773 5088228.564 -2856895.595
-2564869.819 5088214.292 -2856880.219
-2564840.752 5088242.133 -2856859.105
-2564907.322 5088214.013 -2856845.047
-2561941.355 5089564.855 -2857087.321
-2561974.203 5089562.428 -2857055.700
-2561896.520 5089608.939 -2857051.469
-2561941.162 5089591.897 -2857039.643
-2561973.675 5089596.326 -2857002.845
-2561919.321 5089626.587 -2856999.933
-2565604.122 5085390.843 -2861228.919
-2565576.149 5085419.927 -2861198.056
-2565540.298 5085443.989 -2861191.938
-2565615.791 5085406.248 -2861189.113
-2565599.249 5085438.126 -2861145.351
-2565641.825 5085425.405 -2861138.751
-2557865.099 5087134.610 -2864936.171
-2557891.569 5087142.212 -2864899.134
-2557932.358 5087123.714 -2864895.578
-2557862.943 5087168.108 -2864878.827
-2557908.763 5087162.508 -2864847.952
-2557860.504 5087190.857 -2864840.610
-2554691.897 5086770.981 -2868435.015
-2554730.435 5086752.087 -2868431.993
-2554757.884 5086756.713 -2868397.349
-2554641.101 5086820.366 -2868397.380
-2554694.696 5086796.919 -2868382.428
-2554700.720 5086816.883 -2868344.143
-2551455.313 5090285.916 -2865089.815
-2551407.818 5090323.561 -2865076.456
-2551370.516 5090345.614 -2865059.469
-2551439.262 5090317.542 -2865048.200
-2551423.041 5090345.948 -2865012.417
-2551465.783 5090333.196 -2864999.326
-2552467.966 5085035.195 -2873415.410
-2552432.344 5085057.338 -2873407.329
-2552476.918 5085053.962 -2873374.429
-2552422.776 5085089.150 -2873358.335
-2552527.325 5085068.625 -2873354.131
-2552469.426 5085098.713 -2873350.122
-2554865.278 5080351.643 -2879591.341
-2554845.488 5080380.772 -2879562.139
-2554895.002 5080362.592 -2879548.160
-2554935.002 5080349.349 -2879536.116
-2554849.705 5080404.401 -2879523.618
-2554907.381 5080392.949 -2879488.453
-2539448.815 5091870.288 -2872845.257
-2539393.990 5091884.082 -2872824.157
-2539444.802 5091863.870 -2872815.071
-2539503.821 5091875.552 -2872789.899
-2539394.571 5091905.470 -2872786.241
-2539337.895 5091921.493 -2872807.692
-2534438.404 5087834.145 -2884260.020
-2534392.564 5087865.436 -2884244.902
-2534484.058 5087825.787 -2884235.179
-2534447.436 5087859.061 -2884208.584
-2534395.346 5087905.821 -2884219.114
-2534441.942 5087901.683 -2884187.892
-2565892.911 5085519.623 -2860744.289
-2565829.102 5085557.137 -2860734.895
-2565872.238 5085546.406 -2860715.414
-2565820.362 5085588.811 -2860688.968
-2565915.743 5085545.895 -2860679.772
-2565891.677 5085573.678 -2860647.720
-2565829.871 5085927.483 -2860080.150
-2565805.205 5085964.897 -2860036.044
-2565751.168 5085994.861 -2860026.835
-2565857.734 5085946.291 -2860022.100
-2565778.312 5086000.547 -2859990.387
-2565827.708 5085984.560 -2859981.258
-2565129.754 5086584.690 -2859529.669
-2565078.600 5086615.963 -2859522.208
-2565167.733 5086584.263 -2859503.232
-2565123.785 5086617.900 -2859482.958
-2565151.185 5086621.889 -2859449.277
-2565094.774 5086652.231 -2859448.146
-2563977.448 5087032.431 -2859762.809
-2563979.472 5087054.782 -2859712.645
-2564049.191 5087033.394 -2859692.779
-2563945.923 5087087.626 -2859688.922
-2564011.511 5087058.263 -2859682.395
-2563973.894 5087089.663 -2859655.978
-2562736.684 5087265.567 -2860448.850
-2562789.532 5087237.441 -2860449.289
-2562769.237 5087263.451 -2860421.403
-2562820.874 5087257.229 -2860393.089
-2562733.575 5087300.056 -2860388.473
-2562784.792 5087283.499 -2860369.925
-2561659.688 5086950.941 -2861955.842
-2561618.204 5086987.913 -2861925.233
-2561704.859 5086950.026 -2861919.511
-2561674.145 5086978.766 -2861896.078
-2561706.737 5086981.824 -2861866.131
-2561639.270 5087014.275 -2861857.744
-2561233.118 5085888.895 -2864153.978
-2561272.626 5085870.421 -2864151.719
-2561317.976 5085866.679 -2864118.251
-2561288.601 5085893.153 -2864097.544
-2561252.563 5085918.328 -2864085.062
-2561290.835 5085918.515 -2864050.872
-2562337.810 5083947.474 -2866602.419
-2562250.143 5083999.560 -2866587.959
-2562304.114 5083987.668 -2866561.217
-2562250.240 5084022.431 -2866547.689
-2562358.374 5083965.982 -2866551.449
-2562280.748 5084025.708 -2866514.934
