-2557865.099 5087134.610 -2864936.171
-2557891.569 5087142.212 -2864899.134
-2557932.358 5087123.714 -2864895.578
-2557862.943 5087168.108 -2864878.827
-2557908.763 5087162.508 -2864847.952
-2557860.504 5087190.857 -2864840.610
-2561233.118 5085888.895 -2864153.978
-2561272.626 5085870.421 -2864151.719
-2561317.976 5085866.679 -2864118.251
-2561288.601 5085893.153 -2864097.544
-2561252.563 5085918.328 -2864085.062
-2561290.835 5085918.515 -2864050.872
-2562337.810 5083947.474 -2866602.419
-2562250.143 5083999.560 -2866587.959
-2562304.114 5083987.668 -2866561.217
-2562250.240 5084022.431 -2866547.689
