-2570449.106 5080970.280 -2864739.279
-2570414.340 5080999.528 -2864720.949
-2570513.195 5080952.323 -2864716.006
-2570466.083 5080997.234 -2864683.300
-2580818.555 5078511.539 -2859849.441
-2580735.820 5078554.151 -2859846.221
-2580782.939 5078536.262 -2859835.540
-2580746.874 5078571.296 -2859806.069
-2568979.544 5083139.355 -2862223.169
-2569037.602 5083121.783 -2862202.406
-2568940.904 5083173.970 -2862194.341
-2569034.414 5083146.327 -2862159.735
-2570847.947 5083662.985 -2859645.181
-2570892.023 5083656.505 -2859612.830
-2570855.850 5083686.103 -2859595.084
-2570933.547 5083655.995 -2859578.865
-2566566.361 5089112.439 -2853782.692
-2566529.803 5089134.060 -2853777.052
-2566499.180 5089158.832 -2853760.528
-2566581.813 5089128.498 -2853740.441
-2559870.898 5095728.597 -2848056.621
-2559914.467 5095712.670 -2848046.028
-2559855.946 5095754.264 -2848026.579
-2559903.019 5095743.095 -2848004.404
-2563454.043 5099907.660 -2837365.073
-2563510.923 5099888.171 -2837348.822
-2563429.437 5099941.227 -2837324.990
-2563473.031 5099923.699 -2837317.162
-2562946.219 5104967.912 -2828741.894
-2563020.258 5104943.624 -2828716.558
-2562967.984 5104981.933 -2828697.172
-2563019.956 5104967.241 -2828678.976
-2564832.703 5088200.535 -2856930.997
-2564915.316 5088179.056 -2856901.981
-2564821.773 5088228.564 -2856895.595
-2564869.819 5088214.292 -2856880.219
-2561941.355 5089564.855 -2857087.321
-2561974.203 5089562.428 -2857055.700
-2561896.520 5089608.939 -2857051.469
-2561941.162 5089591.897 -2857039.643
-2557865.099 5087134.610 -2864936.171
-2557891.569 5087142.212 -2864899.134
-2557932.358 5087123.714 -2864895.578
-2557862.943 5087168.108 -2864878.827
-2557908.763 5087162.508 -2864847.952
-2557860.504 5087190.857 -2864840.610
-2552467.966 5085035.195 -2873415.410
-2552432.344 5085057.338 -2873407.329
-2552476.918 5085053.962 -2873374.429
-2552422.776 5085089.150 -2873358.335
-2539448.815 5091870.288 -2872845.257
-2539393.990 5091884.082 -2872824.157
-2539444.802 5091863.870 -2872815.071
-2539503.821 5091875.552 -2872789.899
-2534438.404 5087834.145 -2884260.020
-2534392.564 5087865.436 -2884244.902
-2534484.058 5087825.787 -2884235.179
-2534447.436 5087859.061 -2884208.584
-2561233.118 5085888.895 -2864153.978
-2561272.626 5085870.421 -2864151.719
-2561317.976 5085866.679 -2864118.251
-2561288.601 5085893.153 -2864097.544
-2561252.563 5085918.328 -2864085.062
-2561290.835 5085918.515 -2864050.872
-2562337.810 5083947.474 -2866602.419
-2562250.143 5083999.560 -2866587.959
-2562304.114 5083987.668 -2866561.217
-2562250.240 5084022.431 -2866547.689
